{
 "cells": [
  {
   "cell_type": "code",
   "execution_count": 1,
   "metadata": {},
   "outputs": [
    {
     "data": {
      "text/html": [
       "<div>\n",
       "<style scoped>\n",
       "    .dataframe tbody tr th:only-of-type {\n",
       "        vertical-align: middle;\n",
       "    }\n",
       "\n",
       "    .dataframe tbody tr th {\n",
       "        vertical-align: top;\n",
       "    }\n",
       "\n",
       "    .dataframe thead th {\n",
       "        text-align: right;\n",
       "    }\n",
       "</style>\n",
       "<table border=\"1\" class=\"dataframe\">\n",
       "  <thead>\n",
       "    <tr style=\"text-align: right;\">\n",
       "      <th></th>\n",
       "      <th>weather</th>\n",
       "      <th>x</th>\n",
       "      <th>y</th>\n",
       "      <th>z</th>\n",
       "      <th>heading</th>\n",
       "      <th>velocity</th>\n",
       "    </tr>\n",
       "  </thead>\n",
       "  <tbody>\n",
       "    <tr>\n",
       "      <th>0</th>\n",
       "      <td>2</td>\n",
       "      <td>-184.810776</td>\n",
       "      <td>-16.894972</td>\n",
       "      <td>0.349650</td>\n",
       "      <td>0.000276</td>\n",
       "      <td>7.056001</td>\n",
       "    </tr>\n",
       "    <tr>\n",
       "      <th>1</th>\n",
       "      <td>2</td>\n",
       "      <td>-184.810776</td>\n",
       "      <td>-16.894972</td>\n",
       "      <td>0.102828</td>\n",
       "      <td>0.000276</td>\n",
       "      <td>9.476255</td>\n",
       "    </tr>\n",
       "    <tr>\n",
       "      <th>2</th>\n",
       "      <td>2</td>\n",
       "      <td>-184.810638</td>\n",
       "      <td>-16.893084</td>\n",
       "      <td>-0.005079</td>\n",
       "      <td>0.000173</td>\n",
       "      <td>1.096180</td>\n",
       "    </tr>\n",
       "    <tr>\n",
       "      <th>3</th>\n",
       "      <td>2</td>\n",
       "      <td>-184.810516</td>\n",
       "      <td>-16.892187</td>\n",
       "      <td>-0.001560</td>\n",
       "      <td>0.000094</td>\n",
       "      <td>0.676115</td>\n",
       "    </tr>\n",
       "    <tr>\n",
       "      <th>4</th>\n",
       "      <td>2</td>\n",
       "      <td>-184.809372</td>\n",
       "      <td>-16.881786</td>\n",
       "      <td>0.018010</td>\n",
       "      <td>-0.000684</td>\n",
       "      <td>0.952583</td>\n",
       "    </tr>\n",
       "    <tr>\n",
       "      <th>...</th>\n",
       "      <td>...</td>\n",
       "      <td>...</td>\n",
       "      <td>...</td>\n",
       "      <td>...</td>\n",
       "      <td>...</td>\n",
       "      <td>...</td>\n",
       "    </tr>\n",
       "    <tr>\n",
       "      <th>1795</th>\n",
       "      <td>2</td>\n",
       "      <td>-98.534698</td>\n",
       "      <td>-144.216080</td>\n",
       "      <td>0.050441</td>\n",
       "      <td>1.572167</td>\n",
       "      <td>19.547256</td>\n",
       "    </tr>\n",
       "    <tr>\n",
       "      <th>1796</th>\n",
       "      <td>2</td>\n",
       "      <td>-99.072975</td>\n",
       "      <td>-144.216309</td>\n",
       "      <td>0.050440</td>\n",
       "      <td>1.571787</td>\n",
       "      <td>19.276842</td>\n",
       "    </tr>\n",
       "    <tr>\n",
       "      <th>1797</th>\n",
       "      <td>2</td>\n",
       "      <td>-99.603806</td>\n",
       "      <td>-144.216461</td>\n",
       "      <td>0.050440</td>\n",
       "      <td>1.571516</td>\n",
       "      <td>19.009980</td>\n",
       "    </tr>\n",
       "    <tr>\n",
       "      <th>1798</th>\n",
       "      <td>2</td>\n",
       "      <td>-100.128716</td>\n",
       "      <td>-144.216568</td>\n",
       "      <td>0.050435</td>\n",
       "      <td>1.571329</td>\n",
       "      <td>18.893541</td>\n",
       "    </tr>\n",
       "    <tr>\n",
       "      <th>1799</th>\n",
       "      <td>2</td>\n",
       "      <td>-100.643677</td>\n",
       "      <td>-144.216675</td>\n",
       "      <td>0.050393</td>\n",
       "      <td>1.571200</td>\n",
       "      <td>17.823926</td>\n",
       "    </tr>\n",
       "  </tbody>\n",
       "</table>\n",
       "<p>1800 rows × 6 columns</p>\n",
       "</div>"
      ],
      "text/plain": [
       "      weather           x           y         z   heading   velocity\n",
       "0           2 -184.810776  -16.894972  0.349650  0.000276   7.056001\n",
       "1           2 -184.810776  -16.894972  0.102828  0.000276   9.476255\n",
       "2           2 -184.810638  -16.893084 -0.005079  0.000173   1.096180\n",
       "3           2 -184.810516  -16.892187 -0.001560  0.000094   0.676115\n",
       "4           2 -184.809372  -16.881786  0.018010 -0.000684   0.952583\n",
       "...       ...         ...         ...       ...       ...        ...\n",
       "1795        2  -98.534698 -144.216080  0.050441  1.572167  19.547256\n",
       "1796        2  -99.072975 -144.216309  0.050440  1.571787  19.276842\n",
       "1797        2  -99.603806 -144.216461  0.050440  1.571516  19.009980\n",
       "1798        2 -100.128716 -144.216568  0.050435  1.571329  18.893541\n",
       "1799        2 -100.643677 -144.216675  0.050393  1.571200  17.823926\n",
       "\n",
       "[1800 rows x 6 columns]"
      ]
     },
     "execution_count": 1,
     "metadata": {},
     "output_type": "execute_result"
    }
   ],
   "source": [
    "import pandas as pd\n",
    "\n",
    "csv_input = pd.read_csv('files/evaluation_09mars24.csv')\n",
    "data = csv_input\n",
    "data\n"
   ]
  },
  {
   "cell_type": "code",
   "execution_count": 2,
   "metadata": {},
   "outputs": [
    {
     "data": {
      "text/html": [
       "<div>\n",
       "<style scoped>\n",
       "    .dataframe tbody tr th:only-of-type {\n",
       "        vertical-align: middle;\n",
       "    }\n",
       "\n",
       "    .dataframe tbody tr th {\n",
       "        vertical-align: top;\n",
       "    }\n",
       "\n",
       "    .dataframe thead th {\n",
       "        text-align: right;\n",
       "    }\n",
       "</style>\n",
       "<table border=\"1\" class=\"dataframe\">\n",
       "  <thead>\n",
       "    <tr style=\"text-align: right;\">\n",
       "      <th></th>\n",
       "      <th>x</th>\n",
       "      <th>y</th>\n",
       "      <th>z</th>\n",
       "      <th>heading</th>\n",
       "      <th>velocity</th>\n",
       "      <th>weather</th>\n",
       "    </tr>\n",
       "  </thead>\n",
       "  <tbody>\n",
       "    <tr>\n",
       "      <th>0</th>\n",
       "      <td>-184.810776</td>\n",
       "      <td>-16.894972</td>\n",
       "      <td>0.349650</td>\n",
       "      <td>0.000276</td>\n",
       "      <td>7.056001</td>\n",
       "      <td>2</td>\n",
       "    </tr>\n",
       "    <tr>\n",
       "      <th>1</th>\n",
       "      <td>-184.810776</td>\n",
       "      <td>-16.894972</td>\n",
       "      <td>0.102828</td>\n",
       "      <td>0.000276</td>\n",
       "      <td>9.476255</td>\n",
       "      <td>2</td>\n",
       "    </tr>\n",
       "    <tr>\n",
       "      <th>2</th>\n",
       "      <td>-184.810638</td>\n",
       "      <td>-16.893084</td>\n",
       "      <td>-0.005079</td>\n",
       "      <td>0.000173</td>\n",
       "      <td>1.096180</td>\n",
       "      <td>2</td>\n",
       "    </tr>\n",
       "    <tr>\n",
       "      <th>3</th>\n",
       "      <td>-184.810516</td>\n",
       "      <td>-16.892187</td>\n",
       "      <td>-0.001560</td>\n",
       "      <td>0.000094</td>\n",
       "      <td>0.676115</td>\n",
       "      <td>2</td>\n",
       "    </tr>\n",
       "    <tr>\n",
       "      <th>4</th>\n",
       "      <td>-184.809372</td>\n",
       "      <td>-16.881786</td>\n",
       "      <td>0.018010</td>\n",
       "      <td>-0.000684</td>\n",
       "      <td>0.952583</td>\n",
       "      <td>2</td>\n",
       "    </tr>\n",
       "    <tr>\n",
       "      <th>...</th>\n",
       "      <td>...</td>\n",
       "      <td>...</td>\n",
       "      <td>...</td>\n",
       "      <td>...</td>\n",
       "      <td>...</td>\n",
       "      <td>...</td>\n",
       "    </tr>\n",
       "    <tr>\n",
       "      <th>1795</th>\n",
       "      <td>-98.534698</td>\n",
       "      <td>-144.216080</td>\n",
       "      <td>0.050441</td>\n",
       "      <td>1.572167</td>\n",
       "      <td>19.547256</td>\n",
       "      <td>2</td>\n",
       "    </tr>\n",
       "    <tr>\n",
       "      <th>1796</th>\n",
       "      <td>-99.072975</td>\n",
       "      <td>-144.216309</td>\n",
       "      <td>0.050440</td>\n",
       "      <td>1.571787</td>\n",
       "      <td>19.276842</td>\n",
       "      <td>2</td>\n",
       "    </tr>\n",
       "    <tr>\n",
       "      <th>1797</th>\n",
       "      <td>-99.603806</td>\n",
       "      <td>-144.216461</td>\n",
       "      <td>0.050440</td>\n",
       "      <td>1.571516</td>\n",
       "      <td>19.009980</td>\n",
       "      <td>2</td>\n",
       "    </tr>\n",
       "    <tr>\n",
       "      <th>1798</th>\n",
       "      <td>-100.128716</td>\n",
       "      <td>-144.216568</td>\n",
       "      <td>0.050435</td>\n",
       "      <td>1.571329</td>\n",
       "      <td>18.893541</td>\n",
       "      <td>2</td>\n",
       "    </tr>\n",
       "    <tr>\n",
       "      <th>1799</th>\n",
       "      <td>-100.643677</td>\n",
       "      <td>-144.216675</td>\n",
       "      <td>0.050393</td>\n",
       "      <td>1.571200</td>\n",
       "      <td>17.823926</td>\n",
       "      <td>2</td>\n",
       "    </tr>\n",
       "  </tbody>\n",
       "</table>\n",
       "<p>1800 rows × 6 columns</p>\n",
       "</div>"
      ],
      "text/plain": [
       "               x           y         z   heading   velocity  weather\n",
       "0    -184.810776  -16.894972  0.349650  0.000276   7.056001        2\n",
       "1    -184.810776  -16.894972  0.102828  0.000276   9.476255        2\n",
       "2    -184.810638  -16.893084 -0.005079  0.000173   1.096180        2\n",
       "3    -184.810516  -16.892187 -0.001560  0.000094   0.676115        2\n",
       "4    -184.809372  -16.881786  0.018010 -0.000684   0.952583        2\n",
       "...          ...         ...       ...       ...        ...      ...\n",
       "1795  -98.534698 -144.216080  0.050441  1.572167  19.547256        2\n",
       "1796  -99.072975 -144.216309  0.050440  1.571787  19.276842        2\n",
       "1797  -99.603806 -144.216461  0.050440  1.571516  19.009980        2\n",
       "1798 -100.128716 -144.216568  0.050435  1.571329  18.893541        2\n",
       "1799 -100.643677 -144.216675  0.050393  1.571200  17.823926        2\n",
       "\n",
       "[1800 rows x 6 columns]"
      ]
     },
     "execution_count": 2,
     "metadata": {},
     "output_type": "execute_result"
    }
   ],
   "source": [
    "data = csv_input[list(('x', 'y', 'z', 'heading', 'velocity', 'weather'))]\n",
    "data"
   ]
  },
  {
   "cell_type": "code",
   "execution_count": 3,
   "metadata": {},
   "outputs": [
    {
     "data": {
      "text/html": [
       "<div>\n",
       "<style scoped>\n",
       "    .dataframe tbody tr th:only-of-type {\n",
       "        vertical-align: middle;\n",
       "    }\n",
       "\n",
       "    .dataframe tbody tr th {\n",
       "        vertical-align: top;\n",
       "    }\n",
       "\n",
       "    .dataframe thead th {\n",
       "        text-align: right;\n",
       "    }\n",
       "</style>\n",
       "<table border=\"1\" class=\"dataframe\">\n",
       "  <thead>\n",
       "    <tr style=\"text-align: right;\">\n",
       "      <th></th>\n",
       "      <th>pos.x</th>\n",
       "      <th>pos.y</th>\n",
       "      <th>pos.z</th>\n",
       "      <th>heading</th>\n",
       "      <th>velocity</th>\n",
       "      <th>weather</th>\n",
       "    </tr>\n",
       "  </thead>\n",
       "  <tbody>\n",
       "    <tr>\n",
       "      <th>0</th>\n",
       "      <td>-184.810776</td>\n",
       "      <td>-16.894972</td>\n",
       "      <td>0.349650</td>\n",
       "      <td>0.000276</td>\n",
       "      <td>7.056001</td>\n",
       "      <td>2</td>\n",
       "    </tr>\n",
       "    <tr>\n",
       "      <th>1</th>\n",
       "      <td>-184.810776</td>\n",
       "      <td>-16.894972</td>\n",
       "      <td>0.102828</td>\n",
       "      <td>0.000276</td>\n",
       "      <td>9.476255</td>\n",
       "      <td>2</td>\n",
       "    </tr>\n",
       "    <tr>\n",
       "      <th>2</th>\n",
       "      <td>-184.810638</td>\n",
       "      <td>-16.893084</td>\n",
       "      <td>-0.005079</td>\n",
       "      <td>0.000173</td>\n",
       "      <td>1.096180</td>\n",
       "      <td>2</td>\n",
       "    </tr>\n",
       "    <tr>\n",
       "      <th>3</th>\n",
       "      <td>-184.810516</td>\n",
       "      <td>-16.892187</td>\n",
       "      <td>-0.001560</td>\n",
       "      <td>0.000094</td>\n",
       "      <td>0.676115</td>\n",
       "      <td>2</td>\n",
       "    </tr>\n",
       "    <tr>\n",
       "      <th>4</th>\n",
       "      <td>-184.809372</td>\n",
       "      <td>-16.881786</td>\n",
       "      <td>0.018010</td>\n",
       "      <td>-0.000684</td>\n",
       "      <td>0.952583</td>\n",
       "      <td>2</td>\n",
       "    </tr>\n",
       "    <tr>\n",
       "      <th>...</th>\n",
       "      <td>...</td>\n",
       "      <td>...</td>\n",
       "      <td>...</td>\n",
       "      <td>...</td>\n",
       "      <td>...</td>\n",
       "      <td>...</td>\n",
       "    </tr>\n",
       "    <tr>\n",
       "      <th>1795</th>\n",
       "      <td>-98.534698</td>\n",
       "      <td>-144.216080</td>\n",
       "      <td>0.050441</td>\n",
       "      <td>1.572167</td>\n",
       "      <td>19.547256</td>\n",
       "      <td>2</td>\n",
       "    </tr>\n",
       "    <tr>\n",
       "      <th>1796</th>\n",
       "      <td>-99.072975</td>\n",
       "      <td>-144.216309</td>\n",
       "      <td>0.050440</td>\n",
       "      <td>1.571787</td>\n",
       "      <td>19.276842</td>\n",
       "      <td>2</td>\n",
       "    </tr>\n",
       "    <tr>\n",
       "      <th>1797</th>\n",
       "      <td>-99.603806</td>\n",
       "      <td>-144.216461</td>\n",
       "      <td>0.050440</td>\n",
       "      <td>1.571516</td>\n",
       "      <td>19.009980</td>\n",
       "      <td>2</td>\n",
       "    </tr>\n",
       "    <tr>\n",
       "      <th>1798</th>\n",
       "      <td>-100.128716</td>\n",
       "      <td>-144.216568</td>\n",
       "      <td>0.050435</td>\n",
       "      <td>1.571329</td>\n",
       "      <td>18.893541</td>\n",
       "      <td>2</td>\n",
       "    </tr>\n",
       "    <tr>\n",
       "      <th>1799</th>\n",
       "      <td>-100.643677</td>\n",
       "      <td>-144.216675</td>\n",
       "      <td>0.050393</td>\n",
       "      <td>1.571200</td>\n",
       "      <td>17.823926</td>\n",
       "      <td>2</td>\n",
       "    </tr>\n",
       "  </tbody>\n",
       "</table>\n",
       "<p>1800 rows × 6 columns</p>\n",
       "</div>"
      ],
      "text/plain": [
       "           pos.x       pos.y     pos.z   heading   velocity  weather\n",
       "0    -184.810776  -16.894972  0.349650  0.000276   7.056001        2\n",
       "1    -184.810776  -16.894972  0.102828  0.000276   9.476255        2\n",
       "2    -184.810638  -16.893084 -0.005079  0.000173   1.096180        2\n",
       "3    -184.810516  -16.892187 -0.001560  0.000094   0.676115        2\n",
       "4    -184.809372  -16.881786  0.018010 -0.000684   0.952583        2\n",
       "...          ...         ...       ...       ...        ...      ...\n",
       "1795  -98.534698 -144.216080  0.050441  1.572167  19.547256        2\n",
       "1796  -99.072975 -144.216309  0.050440  1.571787  19.276842        2\n",
       "1797  -99.603806 -144.216461  0.050440  1.571516  19.009980        2\n",
       "1798 -100.128716 -144.216568  0.050435  1.571329  18.893541        2\n",
       "1799 -100.643677 -144.216675  0.050393  1.571200  17.823926        2\n",
       "\n",
       "[1800 rows x 6 columns]"
      ]
     },
     "execution_count": 3,
     "metadata": {},
     "output_type": "execute_result"
    }
   ],
   "source": [
    "data = data.rename(columns={'x':'pos.x', 'y':'pos.y', 'z':'pos.z'})\n",
    "data"
   ]
  },
  {
   "cell_type": "code",
   "execution_count": 4,
   "metadata": {},
   "outputs": [],
   "source": [
    "# Export the dataframe\n",
    "data.to_csv(\"files/evaluation_trajectory_09mars24.csv\", index=False)"
   ]
  }
 ],
 "metadata": {
  "kernelspec": {
   "display_name": "Python 3",
   "language": "python",
   "name": "python3"
  },
  "language_info": {
   "codemirror_mode": {
    "name": "ipython",
    "version": 3
   },
   "file_extension": ".py",
   "mimetype": "text/x-python",
   "name": "python",
   "nbconvert_exporter": "python",
   "pygments_lexer": "ipython3",
   "version": "3.10.12"
  }
 },
 "nbformat": 4,
 "nbformat_minor": 2
}
