{
 "cells": [
  {
   "cell_type": "code",
   "execution_count": 1,
   "metadata": {},
   "outputs": [
    {
     "data": {
      "text/html": [
       "<div>\n",
       "<style scoped>\n",
       "    .dataframe tbody tr th:only-of-type {\n",
       "        vertical-align: middle;\n",
       "    }\n",
       "\n",
       "    .dataframe tbody tr th {\n",
       "        vertical-align: top;\n",
       "    }\n",
       "\n",
       "    .dataframe thead th {\n",
       "        text-align: right;\n",
       "    }\n",
       "</style>\n",
       "<table border=\"1\" class=\"dataframe\">\n",
       "  <thead>\n",
       "    <tr style=\"text-align: right;\">\n",
       "      <th></th>\n",
       "      <th>weather</th>\n",
       "      <th>x</th>\n",
       "      <th>y</th>\n",
       "      <th>z</th>\n",
       "      <th>heading</th>\n",
       "      <th>velocity</th>\n",
       "    </tr>\n",
       "  </thead>\n",
       "  <tbody>\n",
       "    <tr>\n",
       "      <th>0</th>\n",
       "      <td>2</td>\n",
       "      <td>-77.030670</td>\n",
       "      <td>-1.283448</td>\n",
       "      <td>0.294200</td>\n",
       "      <td>-1.568362</td>\n",
       "      <td>7.056001e+00</td>\n",
       "    </tr>\n",
       "    <tr>\n",
       "      <th>1</th>\n",
       "      <td>2</td>\n",
       "      <td>-77.030670</td>\n",
       "      <td>-1.283448</td>\n",
       "      <td>0.061311</td>\n",
       "      <td>-1.568362</td>\n",
       "      <td>7.172558e+00</td>\n",
       "    </tr>\n",
       "    <tr>\n",
       "      <th>2</th>\n",
       "      <td>2</td>\n",
       "      <td>-77.029778</td>\n",
       "      <td>-1.283539</td>\n",
       "      <td>-0.030319</td>\n",
       "      <td>-1.568443</td>\n",
       "      <td>1.053028e+00</td>\n",
       "    </tr>\n",
       "    <tr>\n",
       "      <th>3</th>\n",
       "      <td>2</td>\n",
       "      <td>-77.028854</td>\n",
       "      <td>-1.283728</td>\n",
       "      <td>-0.023681</td>\n",
       "      <td>-1.568593</td>\n",
       "      <td>8.835790e-01</td>\n",
       "    </tr>\n",
       "    <tr>\n",
       "      <th>4</th>\n",
       "      <td>2</td>\n",
       "      <td>-77.008575</td>\n",
       "      <td>-1.288779</td>\n",
       "      <td>0.003869</td>\n",
       "      <td>-1.572756</td>\n",
       "      <td>1.548891e+00</td>\n",
       "    </tr>\n",
       "    <tr>\n",
       "      <th>...</th>\n",
       "      <td>...</td>\n",
       "      <td>...</td>\n",
       "      <td>...</td>\n",
       "      <td>...</td>\n",
       "      <td>...</td>\n",
       "      <td>...</td>\n",
       "    </tr>\n",
       "    <tr>\n",
       "      <th>372595</th>\n",
       "      <td>3</td>\n",
       "      <td>-101.007675</td>\n",
       "      <td>-144.219193</td>\n",
       "      <td>0.046026</td>\n",
       "      <td>1.570380</td>\n",
       "      <td>8.998161e-07</td>\n",
       "    </tr>\n",
       "    <tr>\n",
       "      <th>372596</th>\n",
       "      <td>3</td>\n",
       "      <td>-101.007675</td>\n",
       "      <td>-144.219193</td>\n",
       "      <td>0.046026</td>\n",
       "      <td>1.570380</td>\n",
       "      <td>1.272564e-06</td>\n",
       "    </tr>\n",
       "    <tr>\n",
       "      <th>372597</th>\n",
       "      <td>3</td>\n",
       "      <td>-101.007675</td>\n",
       "      <td>-144.219193</td>\n",
       "      <td>0.046026</td>\n",
       "      <td>1.570380</td>\n",
       "      <td>1.105112e-06</td>\n",
       "    </tr>\n",
       "    <tr>\n",
       "      <th>372598</th>\n",
       "      <td>3</td>\n",
       "      <td>-101.007675</td>\n",
       "      <td>-144.219193</td>\n",
       "      <td>0.046026</td>\n",
       "      <td>1.570380</td>\n",
       "      <td>6.874213e-08</td>\n",
       "    </tr>\n",
       "    <tr>\n",
       "      <th>372599</th>\n",
       "      <td>3</td>\n",
       "      <td>-101.007675</td>\n",
       "      <td>-144.219193</td>\n",
       "      <td>0.046026</td>\n",
       "      <td>1.570380</td>\n",
       "      <td>4.120853e-07</td>\n",
       "    </tr>\n",
       "  </tbody>\n",
       "</table>\n",
       "<p>372600 rows × 6 columns</p>\n",
       "</div>"
      ],
      "text/plain": [
       "        weather           x           y         z   heading      velocity\n",
       "0             2  -77.030670   -1.283448  0.294200 -1.568362  7.056001e+00\n",
       "1             2  -77.030670   -1.283448  0.061311 -1.568362  7.172558e+00\n",
       "2             2  -77.029778   -1.283539 -0.030319 -1.568443  1.053028e+00\n",
       "3             2  -77.028854   -1.283728 -0.023681 -1.568593  8.835790e-01\n",
       "4             2  -77.008575   -1.288779  0.003869 -1.572756  1.548891e+00\n",
       "...         ...         ...         ...       ...       ...           ...\n",
       "372595        3 -101.007675 -144.219193  0.046026  1.570380  8.998161e-07\n",
       "372596        3 -101.007675 -144.219193  0.046026  1.570380  1.272564e-06\n",
       "372597        3 -101.007675 -144.219193  0.046026  1.570380  1.105112e-06\n",
       "372598        3 -101.007675 -144.219193  0.046026  1.570380  6.874213e-08\n",
       "372599        3 -101.007675 -144.219193  0.046026  1.570380  4.120853e-07\n",
       "\n",
       "[372600 rows x 6 columns]"
      ]
     },
     "execution_count": 1,
     "metadata": {},
     "output_type": "execute_result"
    }
   ],
   "source": [
    "import pandas as pd\n",
    "\n",
    "csv_input = pd.read_csv('files/dataset_random_trajectory.csv')\n",
    "data = csv_input\n",
    "data\n"
   ]
  },
  {
   "cell_type": "code",
   "execution_count": 2,
   "metadata": {},
   "outputs": [
    {
     "data": {
      "text/html": [
       "<div>\n",
       "<style scoped>\n",
       "    .dataframe tbody tr th:only-of-type {\n",
       "        vertical-align: middle;\n",
       "    }\n",
       "\n",
       "    .dataframe tbody tr th {\n",
       "        vertical-align: top;\n",
       "    }\n",
       "\n",
       "    .dataframe thead th {\n",
       "        text-align: right;\n",
       "    }\n",
       "</style>\n",
       "<table border=\"1\" class=\"dataframe\">\n",
       "  <thead>\n",
       "    <tr style=\"text-align: right;\">\n",
       "      <th></th>\n",
       "      <th>x</th>\n",
       "      <th>y</th>\n",
       "      <th>z</th>\n",
       "      <th>heading</th>\n",
       "      <th>velocity</th>\n",
       "      <th>weather</th>\n",
       "    </tr>\n",
       "  </thead>\n",
       "  <tbody>\n",
       "    <tr>\n",
       "      <th>0</th>\n",
       "      <td>-77.030670</td>\n",
       "      <td>-1.283448</td>\n",
       "      <td>0.294200</td>\n",
       "      <td>-1.568362</td>\n",
       "      <td>7.056001e+00</td>\n",
       "      <td>2</td>\n",
       "    </tr>\n",
       "    <tr>\n",
       "      <th>1</th>\n",
       "      <td>-77.030670</td>\n",
       "      <td>-1.283448</td>\n",
       "      <td>0.061311</td>\n",
       "      <td>-1.568362</td>\n",
       "      <td>7.172558e+00</td>\n",
       "      <td>2</td>\n",
       "    </tr>\n",
       "    <tr>\n",
       "      <th>2</th>\n",
       "      <td>-77.029778</td>\n",
       "      <td>-1.283539</td>\n",
       "      <td>-0.030319</td>\n",
       "      <td>-1.568443</td>\n",
       "      <td>1.053028e+00</td>\n",
       "      <td>2</td>\n",
       "    </tr>\n",
       "    <tr>\n",
       "      <th>3</th>\n",
       "      <td>-77.028854</td>\n",
       "      <td>-1.283728</td>\n",
       "      <td>-0.023681</td>\n",
       "      <td>-1.568593</td>\n",
       "      <td>8.835790e-01</td>\n",
       "      <td>2</td>\n",
       "    </tr>\n",
       "    <tr>\n",
       "      <th>4</th>\n",
       "      <td>-77.008575</td>\n",
       "      <td>-1.288779</td>\n",
       "      <td>0.003869</td>\n",
       "      <td>-1.572756</td>\n",
       "      <td>1.548891e+00</td>\n",
       "      <td>2</td>\n",
       "    </tr>\n",
       "    <tr>\n",
       "      <th>...</th>\n",
       "      <td>...</td>\n",
       "      <td>...</td>\n",
       "      <td>...</td>\n",
       "      <td>...</td>\n",
       "      <td>...</td>\n",
       "      <td>...</td>\n",
       "    </tr>\n",
       "    <tr>\n",
       "      <th>372595</th>\n",
       "      <td>-101.007675</td>\n",
       "      <td>-144.219193</td>\n",
       "      <td>0.046026</td>\n",
       "      <td>1.570380</td>\n",
       "      <td>8.998161e-07</td>\n",
       "      <td>3</td>\n",
       "    </tr>\n",
       "    <tr>\n",
       "      <th>372596</th>\n",
       "      <td>-101.007675</td>\n",
       "      <td>-144.219193</td>\n",
       "      <td>0.046026</td>\n",
       "      <td>1.570380</td>\n",
       "      <td>1.272564e-06</td>\n",
       "      <td>3</td>\n",
       "    </tr>\n",
       "    <tr>\n",
       "      <th>372597</th>\n",
       "      <td>-101.007675</td>\n",
       "      <td>-144.219193</td>\n",
       "      <td>0.046026</td>\n",
       "      <td>1.570380</td>\n",
       "      <td>1.105112e-06</td>\n",
       "      <td>3</td>\n",
       "    </tr>\n",
       "    <tr>\n",
       "      <th>372598</th>\n",
       "      <td>-101.007675</td>\n",
       "      <td>-144.219193</td>\n",
       "      <td>0.046026</td>\n",
       "      <td>1.570380</td>\n",
       "      <td>6.874213e-08</td>\n",
       "      <td>3</td>\n",
       "    </tr>\n",
       "    <tr>\n",
       "      <th>372599</th>\n",
       "      <td>-101.007675</td>\n",
       "      <td>-144.219193</td>\n",
       "      <td>0.046026</td>\n",
       "      <td>1.570380</td>\n",
       "      <td>4.120853e-07</td>\n",
       "      <td>3</td>\n",
       "    </tr>\n",
       "  </tbody>\n",
       "</table>\n",
       "<p>372600 rows × 6 columns</p>\n",
       "</div>"
      ],
      "text/plain": [
       "                 x           y         z   heading      velocity  weather\n",
       "0       -77.030670   -1.283448  0.294200 -1.568362  7.056001e+00        2\n",
       "1       -77.030670   -1.283448  0.061311 -1.568362  7.172558e+00        2\n",
       "2       -77.029778   -1.283539 -0.030319 -1.568443  1.053028e+00        2\n",
       "3       -77.028854   -1.283728 -0.023681 -1.568593  8.835790e-01        2\n",
       "4       -77.008575   -1.288779  0.003869 -1.572756  1.548891e+00        2\n",
       "...            ...         ...       ...       ...           ...      ...\n",
       "372595 -101.007675 -144.219193  0.046026  1.570380  8.998161e-07        3\n",
       "372596 -101.007675 -144.219193  0.046026  1.570380  1.272564e-06        3\n",
       "372597 -101.007675 -144.219193  0.046026  1.570380  1.105112e-06        3\n",
       "372598 -101.007675 -144.219193  0.046026  1.570380  6.874213e-08        3\n",
       "372599 -101.007675 -144.219193  0.046026  1.570380  4.120853e-07        3\n",
       "\n",
       "[372600 rows x 6 columns]"
      ]
     },
     "execution_count": 2,
     "metadata": {},
     "output_type": "execute_result"
    }
   ],
   "source": [
    "data = csv_input[list(('x', 'y', 'z', 'heading', 'velocity', 'weather'))]\n",
    "data"
   ]
  },
  {
   "cell_type": "code",
   "execution_count": 3,
   "metadata": {},
   "outputs": [
    {
     "data": {
      "text/html": [
       "<div>\n",
       "<style scoped>\n",
       "    .dataframe tbody tr th:only-of-type {\n",
       "        vertical-align: middle;\n",
       "    }\n",
       "\n",
       "    .dataframe tbody tr th {\n",
       "        vertical-align: top;\n",
       "    }\n",
       "\n",
       "    .dataframe thead th {\n",
       "        text-align: right;\n",
       "    }\n",
       "</style>\n",
       "<table border=\"1\" class=\"dataframe\">\n",
       "  <thead>\n",
       "    <tr style=\"text-align: right;\">\n",
       "      <th></th>\n",
       "      <th>pos.x</th>\n",
       "      <th>pos.y</th>\n",
       "      <th>pos.z</th>\n",
       "      <th>heading</th>\n",
       "      <th>velocity</th>\n",
       "      <th>weather</th>\n",
       "    </tr>\n",
       "  </thead>\n",
       "  <tbody>\n",
       "    <tr>\n",
       "      <th>0</th>\n",
       "      <td>-77.030670</td>\n",
       "      <td>-1.283448</td>\n",
       "      <td>0.294200</td>\n",
       "      <td>-1.568362</td>\n",
       "      <td>7.056001e+00</td>\n",
       "      <td>2</td>\n",
       "    </tr>\n",
       "    <tr>\n",
       "      <th>1</th>\n",
       "      <td>-77.030670</td>\n",
       "      <td>-1.283448</td>\n",
       "      <td>0.061311</td>\n",
       "      <td>-1.568362</td>\n",
       "      <td>7.172558e+00</td>\n",
       "      <td>2</td>\n",
       "    </tr>\n",
       "    <tr>\n",
       "      <th>2</th>\n",
       "      <td>-77.029778</td>\n",
       "      <td>-1.283539</td>\n",
       "      <td>-0.030319</td>\n",
       "      <td>-1.568443</td>\n",
       "      <td>1.053028e+00</td>\n",
       "      <td>2</td>\n",
       "    </tr>\n",
       "    <tr>\n",
       "      <th>3</th>\n",
       "      <td>-77.028854</td>\n",
       "      <td>-1.283728</td>\n",
       "      <td>-0.023681</td>\n",
       "      <td>-1.568593</td>\n",
       "      <td>8.835790e-01</td>\n",
       "      <td>2</td>\n",
       "    </tr>\n",
       "    <tr>\n",
       "      <th>4</th>\n",
       "      <td>-77.008575</td>\n",
       "      <td>-1.288779</td>\n",
       "      <td>0.003869</td>\n",
       "      <td>-1.572756</td>\n",
       "      <td>1.548891e+00</td>\n",
       "      <td>2</td>\n",
       "    </tr>\n",
       "    <tr>\n",
       "      <th>...</th>\n",
       "      <td>...</td>\n",
       "      <td>...</td>\n",
       "      <td>...</td>\n",
       "      <td>...</td>\n",
       "      <td>...</td>\n",
       "      <td>...</td>\n",
       "    </tr>\n",
       "    <tr>\n",
       "      <th>372595</th>\n",
       "      <td>-101.007675</td>\n",
       "      <td>-144.219193</td>\n",
       "      <td>0.046026</td>\n",
       "      <td>1.570380</td>\n",
       "      <td>8.998161e-07</td>\n",
       "      <td>3</td>\n",
       "    </tr>\n",
       "    <tr>\n",
       "      <th>372596</th>\n",
       "      <td>-101.007675</td>\n",
       "      <td>-144.219193</td>\n",
       "      <td>0.046026</td>\n",
       "      <td>1.570380</td>\n",
       "      <td>1.272564e-06</td>\n",
       "      <td>3</td>\n",
       "    </tr>\n",
       "    <tr>\n",
       "      <th>372597</th>\n",
       "      <td>-101.007675</td>\n",
       "      <td>-144.219193</td>\n",
       "      <td>0.046026</td>\n",
       "      <td>1.570380</td>\n",
       "      <td>1.105112e-06</td>\n",
       "      <td>3</td>\n",
       "    </tr>\n",
       "    <tr>\n",
       "      <th>372598</th>\n",
       "      <td>-101.007675</td>\n",
       "      <td>-144.219193</td>\n",
       "      <td>0.046026</td>\n",
       "      <td>1.570380</td>\n",
       "      <td>6.874213e-08</td>\n",
       "      <td>3</td>\n",
       "    </tr>\n",
       "    <tr>\n",
       "      <th>372599</th>\n",
       "      <td>-101.007675</td>\n",
       "      <td>-144.219193</td>\n",
       "      <td>0.046026</td>\n",
       "      <td>1.570380</td>\n",
       "      <td>4.120853e-07</td>\n",
       "      <td>3</td>\n",
       "    </tr>\n",
       "  </tbody>\n",
       "</table>\n",
       "<p>372600 rows × 6 columns</p>\n",
       "</div>"
      ],
      "text/plain": [
       "             pos.x       pos.y     pos.z   heading      velocity  weather\n",
       "0       -77.030670   -1.283448  0.294200 -1.568362  7.056001e+00        2\n",
       "1       -77.030670   -1.283448  0.061311 -1.568362  7.172558e+00        2\n",
       "2       -77.029778   -1.283539 -0.030319 -1.568443  1.053028e+00        2\n",
       "3       -77.028854   -1.283728 -0.023681 -1.568593  8.835790e-01        2\n",
       "4       -77.008575   -1.288779  0.003869 -1.572756  1.548891e+00        2\n",
       "...            ...         ...       ...       ...           ...      ...\n",
       "372595 -101.007675 -144.219193  0.046026  1.570380  8.998161e-07        3\n",
       "372596 -101.007675 -144.219193  0.046026  1.570380  1.272564e-06        3\n",
       "372597 -101.007675 -144.219193  0.046026  1.570380  1.105112e-06        3\n",
       "372598 -101.007675 -144.219193  0.046026  1.570380  6.874213e-08        3\n",
       "372599 -101.007675 -144.219193  0.046026  1.570380  4.120853e-07        3\n",
       "\n",
       "[372600 rows x 6 columns]"
      ]
     },
     "execution_count": 3,
     "metadata": {},
     "output_type": "execute_result"
    }
   ],
   "source": [
    "data = data.rename(columns={'x':'pos.x', 'y':'pos.y', 'z':'pos.z'})\n",
    "data"
   ]
  },
  {
   "cell_type": "code",
   "execution_count": 4,
   "metadata": {},
   "outputs": [],
   "source": [
    "# Export the dataframe\n",
    "data.to_csv(\"files/dataset_trajectory.csv\", index=False)"
   ]
  }
 ],
 "metadata": {
  "kernelspec": {
   "display_name": "Python 3",
   "language": "python",
   "name": "python3"
  },
  "language_info": {
   "codemirror_mode": {
    "name": "ipython",
    "version": 3
   },
   "file_extension": ".py",
   "mimetype": "text/x-python",
   "name": "python",
   "nbconvert_exporter": "python",
   "pygments_lexer": "ipython3",
   "version": "3.10.12"
  }
 },
 "nbformat": 4,
 "nbformat_minor": 2
}
