{
 "cells": [
  {
   "cell_type": "code",
   "execution_count": 1,
   "metadata": {},
   "outputs": [
    {
     "data": {
      "text/html": [
       "<div>\n",
       "<style scoped>\n",
       "    .dataframe tbody tr th:only-of-type {\n",
       "        vertical-align: middle;\n",
       "    }\n",
       "\n",
       "    .dataframe tbody tr th {\n",
       "        vertical-align: top;\n",
       "    }\n",
       "\n",
       "    .dataframe thead th {\n",
       "        text-align: right;\n",
       "    }\n",
       "</style>\n",
       "<table border=\"1\" class=\"dataframe\">\n",
       "  <thead>\n",
       "    <tr style=\"text-align: right;\">\n",
       "      <th></th>\n",
       "      <th>weather</th>\n",
       "      <th>x</th>\n",
       "      <th>y</th>\n",
       "      <th>z</th>\n",
       "      <th>heading</th>\n",
       "      <th>velocity</th>\n",
       "    </tr>\n",
       "  </thead>\n",
       "  <tbody>\n",
       "    <tr>\n",
       "      <th>0</th>\n",
       "      <td>3</td>\n",
       "      <td>-117.380280</td>\n",
       "      <td>-145.332626</td>\n",
       "      <td>0.349650</td>\n",
       "      <td>1.566089</td>\n",
       "      <td>7.056001</td>\n",
       "    </tr>\n",
       "    <tr>\n",
       "      <th>1</th>\n",
       "      <td>3</td>\n",
       "      <td>-117.378838</td>\n",
       "      <td>-145.333115</td>\n",
       "      <td>0.109912</td>\n",
       "      <td>1.565988</td>\n",
       "      <td>8.648201</td>\n",
       "    </tr>\n",
       "    <tr>\n",
       "      <th>2</th>\n",
       "      <td>3</td>\n",
       "      <td>-117.375916</td>\n",
       "      <td>-145.334167</td>\n",
       "      <td>-0.058322</td>\n",
       "      <td>1.566237</td>\n",
       "      <td>4.064184</td>\n",
       "    </tr>\n",
       "    <tr>\n",
       "      <th>3</th>\n",
       "      <td>3</td>\n",
       "      <td>-117.379082</td>\n",
       "      <td>-145.334015</td>\n",
       "      <td>-0.111934</td>\n",
       "      <td>1.565841</td>\n",
       "      <td>0.727079</td>\n",
       "    </tr>\n",
       "    <tr>\n",
       "      <th>4</th>\n",
       "      <td>3</td>\n",
       "      <td>-117.413315</td>\n",
       "      <td>-145.328979</td>\n",
       "      <td>-0.091736</td>\n",
       "      <td>1.562524</td>\n",
       "      <td>2.442716</td>\n",
       "    </tr>\n",
       "    <tr>\n",
       "      <th>...</th>\n",
       "      <td>...</td>\n",
       "      <td>...</td>\n",
       "      <td>...</td>\n",
       "      <td>...</td>\n",
       "      <td>...</td>\n",
       "      <td>...</td>\n",
       "    </tr>\n",
       "    <tr>\n",
       "      <th>559795</th>\n",
       "      <td>2</td>\n",
       "      <td>-225.482391</td>\n",
       "      <td>-11.600016</td>\n",
       "      <td>9.988826</td>\n",
       "      <td>-0.011426</td>\n",
       "      <td>87.899382</td>\n",
       "    </tr>\n",
       "    <tr>\n",
       "      <th>559796</th>\n",
       "      <td>2</td>\n",
       "      <td>-225.455750</td>\n",
       "      <td>-9.158527</td>\n",
       "      <td>9.988826</td>\n",
       "      <td>-0.008848</td>\n",
       "      <td>87.898408</td>\n",
       "    </tr>\n",
       "    <tr>\n",
       "      <th>559797</th>\n",
       "      <td>2</td>\n",
       "      <td>-225.434311</td>\n",
       "      <td>-6.717003</td>\n",
       "      <td>9.988826</td>\n",
       "      <td>-0.005570</td>\n",
       "      <td>87.897992</td>\n",
       "    </tr>\n",
       "    <tr>\n",
       "      <th>559798</th>\n",
       "      <td>2</td>\n",
       "      <td>-225.420166</td>\n",
       "      <td>-4.275458</td>\n",
       "      <td>9.988826</td>\n",
       "      <td>-0.001460</td>\n",
       "      <td>87.896323</td>\n",
       "    </tr>\n",
       "    <tr>\n",
       "      <th>559799</th>\n",
       "      <td>2</td>\n",
       "      <td>-225.414352</td>\n",
       "      <td>-1.833907</td>\n",
       "      <td>9.988826</td>\n",
       "      <td>0.002951</td>\n",
       "      <td>87.895631</td>\n",
       "    </tr>\n",
       "  </tbody>\n",
       "</table>\n",
       "<p>559800 rows × 6 columns</p>\n",
       "</div>"
      ],
      "text/plain": [
       "        weather           x           y         z   heading   velocity\n",
       "0             3 -117.380280 -145.332626  0.349650  1.566089   7.056001\n",
       "1             3 -117.378838 -145.333115  0.109912  1.565988   8.648201\n",
       "2             3 -117.375916 -145.334167 -0.058322  1.566237   4.064184\n",
       "3             3 -117.379082 -145.334015 -0.111934  1.565841   0.727079\n",
       "4             3 -117.413315 -145.328979 -0.091736  1.562524   2.442716\n",
       "...         ...         ...         ...       ...       ...        ...\n",
       "559795        2 -225.482391  -11.600016  9.988826 -0.011426  87.899382\n",
       "559796        2 -225.455750   -9.158527  9.988826 -0.008848  87.898408\n",
       "559797        2 -225.434311   -6.717003  9.988826 -0.005570  87.897992\n",
       "559798        2 -225.420166   -4.275458  9.988826 -0.001460  87.896323\n",
       "559799        2 -225.414352   -1.833907  9.988826  0.002951  87.895631\n",
       "\n",
       "[559800 rows x 6 columns]"
      ]
     },
     "execution_count": 1,
     "metadata": {},
     "output_type": "execute_result"
    }
   ],
   "source": [
    "import pandas as pd\n",
    "\n",
    "csv_input = pd.read_csv('files/dataset_random_trajectory_07mars24.csv')\n",
    "data = csv_input\n",
    "data\n"
   ]
  },
  {
   "cell_type": "code",
   "execution_count": 2,
   "metadata": {},
   "outputs": [
    {
     "data": {
      "text/html": [
       "<div>\n",
       "<style scoped>\n",
       "    .dataframe tbody tr th:only-of-type {\n",
       "        vertical-align: middle;\n",
       "    }\n",
       "\n",
       "    .dataframe tbody tr th {\n",
       "        vertical-align: top;\n",
       "    }\n",
       "\n",
       "    .dataframe thead th {\n",
       "        text-align: right;\n",
       "    }\n",
       "</style>\n",
       "<table border=\"1\" class=\"dataframe\">\n",
       "  <thead>\n",
       "    <tr style=\"text-align: right;\">\n",
       "      <th></th>\n",
       "      <th>x</th>\n",
       "      <th>y</th>\n",
       "      <th>z</th>\n",
       "      <th>heading</th>\n",
       "      <th>velocity</th>\n",
       "      <th>weather</th>\n",
       "    </tr>\n",
       "  </thead>\n",
       "  <tbody>\n",
       "    <tr>\n",
       "      <th>0</th>\n",
       "      <td>-117.380280</td>\n",
       "      <td>-145.332626</td>\n",
       "      <td>0.349650</td>\n",
       "      <td>1.566089</td>\n",
       "      <td>7.056001</td>\n",
       "      <td>3</td>\n",
       "    </tr>\n",
       "    <tr>\n",
       "      <th>1</th>\n",
       "      <td>-117.378838</td>\n",
       "      <td>-145.333115</td>\n",
       "      <td>0.109912</td>\n",
       "      <td>1.565988</td>\n",
       "      <td>8.648201</td>\n",
       "      <td>3</td>\n",
       "    </tr>\n",
       "    <tr>\n",
       "      <th>2</th>\n",
       "      <td>-117.375916</td>\n",
       "      <td>-145.334167</td>\n",
       "      <td>-0.058322</td>\n",
       "      <td>1.566237</td>\n",
       "      <td>4.064184</td>\n",
       "      <td>3</td>\n",
       "    </tr>\n",
       "    <tr>\n",
       "      <th>3</th>\n",
       "      <td>-117.379082</td>\n",
       "      <td>-145.334015</td>\n",
       "      <td>-0.111934</td>\n",
       "      <td>1.565841</td>\n",
       "      <td>0.727079</td>\n",
       "      <td>3</td>\n",
       "    </tr>\n",
       "    <tr>\n",
       "      <th>4</th>\n",
       "      <td>-117.413315</td>\n",
       "      <td>-145.328979</td>\n",
       "      <td>-0.091736</td>\n",
       "      <td>1.562524</td>\n",
       "      <td>2.442716</td>\n",
       "      <td>3</td>\n",
       "    </tr>\n",
       "    <tr>\n",
       "      <th>...</th>\n",
       "      <td>...</td>\n",
       "      <td>...</td>\n",
       "      <td>...</td>\n",
       "      <td>...</td>\n",
       "      <td>...</td>\n",
       "      <td>...</td>\n",
       "    </tr>\n",
       "    <tr>\n",
       "      <th>559795</th>\n",
       "      <td>-225.482391</td>\n",
       "      <td>-11.600016</td>\n",
       "      <td>9.988826</td>\n",
       "      <td>-0.011426</td>\n",
       "      <td>87.899382</td>\n",
       "      <td>2</td>\n",
       "    </tr>\n",
       "    <tr>\n",
       "      <th>559796</th>\n",
       "      <td>-225.455750</td>\n",
       "      <td>-9.158527</td>\n",
       "      <td>9.988826</td>\n",
       "      <td>-0.008848</td>\n",
       "      <td>87.898408</td>\n",
       "      <td>2</td>\n",
       "    </tr>\n",
       "    <tr>\n",
       "      <th>559797</th>\n",
       "      <td>-225.434311</td>\n",
       "      <td>-6.717003</td>\n",
       "      <td>9.988826</td>\n",
       "      <td>-0.005570</td>\n",
       "      <td>87.897992</td>\n",
       "      <td>2</td>\n",
       "    </tr>\n",
       "    <tr>\n",
       "      <th>559798</th>\n",
       "      <td>-225.420166</td>\n",
       "      <td>-4.275458</td>\n",
       "      <td>9.988826</td>\n",
       "      <td>-0.001460</td>\n",
       "      <td>87.896323</td>\n",
       "      <td>2</td>\n",
       "    </tr>\n",
       "    <tr>\n",
       "      <th>559799</th>\n",
       "      <td>-225.414352</td>\n",
       "      <td>-1.833907</td>\n",
       "      <td>9.988826</td>\n",
       "      <td>0.002951</td>\n",
       "      <td>87.895631</td>\n",
       "      <td>2</td>\n",
       "    </tr>\n",
       "  </tbody>\n",
       "</table>\n",
       "<p>559800 rows × 6 columns</p>\n",
       "</div>"
      ],
      "text/plain": [
       "                 x           y         z   heading   velocity  weather\n",
       "0      -117.380280 -145.332626  0.349650  1.566089   7.056001        3\n",
       "1      -117.378838 -145.333115  0.109912  1.565988   8.648201        3\n",
       "2      -117.375916 -145.334167 -0.058322  1.566237   4.064184        3\n",
       "3      -117.379082 -145.334015 -0.111934  1.565841   0.727079        3\n",
       "4      -117.413315 -145.328979 -0.091736  1.562524   2.442716        3\n",
       "...            ...         ...       ...       ...        ...      ...\n",
       "559795 -225.482391  -11.600016  9.988826 -0.011426  87.899382        2\n",
       "559796 -225.455750   -9.158527  9.988826 -0.008848  87.898408        2\n",
       "559797 -225.434311   -6.717003  9.988826 -0.005570  87.897992        2\n",
       "559798 -225.420166   -4.275458  9.988826 -0.001460  87.896323        2\n",
       "559799 -225.414352   -1.833907  9.988826  0.002951  87.895631        2\n",
       "\n",
       "[559800 rows x 6 columns]"
      ]
     },
     "execution_count": 2,
     "metadata": {},
     "output_type": "execute_result"
    }
   ],
   "source": [
    "data = csv_input[list(('x', 'y', 'z', 'heading', 'velocity', 'weather'))]\n",
    "data"
   ]
  },
  {
   "cell_type": "code",
   "execution_count": 3,
   "metadata": {},
   "outputs": [
    {
     "data": {
      "text/html": [
       "<div>\n",
       "<style scoped>\n",
       "    .dataframe tbody tr th:only-of-type {\n",
       "        vertical-align: middle;\n",
       "    }\n",
       "\n",
       "    .dataframe tbody tr th {\n",
       "        vertical-align: top;\n",
       "    }\n",
       "\n",
       "    .dataframe thead th {\n",
       "        text-align: right;\n",
       "    }\n",
       "</style>\n",
       "<table border=\"1\" class=\"dataframe\">\n",
       "  <thead>\n",
       "    <tr style=\"text-align: right;\">\n",
       "      <th></th>\n",
       "      <th>pos.x</th>\n",
       "      <th>pos.y</th>\n",
       "      <th>pos.z</th>\n",
       "      <th>heading</th>\n",
       "      <th>velocity</th>\n",
       "      <th>weather</th>\n",
       "    </tr>\n",
       "  </thead>\n",
       "  <tbody>\n",
       "    <tr>\n",
       "      <th>0</th>\n",
       "      <td>-117.380280</td>\n",
       "      <td>-145.332626</td>\n",
       "      <td>0.349650</td>\n",
       "      <td>1.566089</td>\n",
       "      <td>7.056001</td>\n",
       "      <td>3</td>\n",
       "    </tr>\n",
       "    <tr>\n",
       "      <th>1</th>\n",
       "      <td>-117.378838</td>\n",
       "      <td>-145.333115</td>\n",
       "      <td>0.109912</td>\n",
       "      <td>1.565988</td>\n",
       "      <td>8.648201</td>\n",
       "      <td>3</td>\n",
       "    </tr>\n",
       "    <tr>\n",
       "      <th>2</th>\n",
       "      <td>-117.375916</td>\n",
       "      <td>-145.334167</td>\n",
       "      <td>-0.058322</td>\n",
       "      <td>1.566237</td>\n",
       "      <td>4.064184</td>\n",
       "      <td>3</td>\n",
       "    </tr>\n",
       "    <tr>\n",
       "      <th>3</th>\n",
       "      <td>-117.379082</td>\n",
       "      <td>-145.334015</td>\n",
       "      <td>-0.111934</td>\n",
       "      <td>1.565841</td>\n",
       "      <td>0.727079</td>\n",
       "      <td>3</td>\n",
       "    </tr>\n",
       "    <tr>\n",
       "      <th>4</th>\n",
       "      <td>-117.413315</td>\n",
       "      <td>-145.328979</td>\n",
       "      <td>-0.091736</td>\n",
       "      <td>1.562524</td>\n",
       "      <td>2.442716</td>\n",
       "      <td>3</td>\n",
       "    </tr>\n",
       "    <tr>\n",
       "      <th>...</th>\n",
       "      <td>...</td>\n",
       "      <td>...</td>\n",
       "      <td>...</td>\n",
       "      <td>...</td>\n",
       "      <td>...</td>\n",
       "      <td>...</td>\n",
       "    </tr>\n",
       "    <tr>\n",
       "      <th>559795</th>\n",
       "      <td>-225.482391</td>\n",
       "      <td>-11.600016</td>\n",
       "      <td>9.988826</td>\n",
       "      <td>-0.011426</td>\n",
       "      <td>87.899382</td>\n",
       "      <td>2</td>\n",
       "    </tr>\n",
       "    <tr>\n",
       "      <th>559796</th>\n",
       "      <td>-225.455750</td>\n",
       "      <td>-9.158527</td>\n",
       "      <td>9.988826</td>\n",
       "      <td>-0.008848</td>\n",
       "      <td>87.898408</td>\n",
       "      <td>2</td>\n",
       "    </tr>\n",
       "    <tr>\n",
       "      <th>559797</th>\n",
       "      <td>-225.434311</td>\n",
       "      <td>-6.717003</td>\n",
       "      <td>9.988826</td>\n",
       "      <td>-0.005570</td>\n",
       "      <td>87.897992</td>\n",
       "      <td>2</td>\n",
       "    </tr>\n",
       "    <tr>\n",
       "      <th>559798</th>\n",
       "      <td>-225.420166</td>\n",
       "      <td>-4.275458</td>\n",
       "      <td>9.988826</td>\n",
       "      <td>-0.001460</td>\n",
       "      <td>87.896323</td>\n",
       "      <td>2</td>\n",
       "    </tr>\n",
       "    <tr>\n",
       "      <th>559799</th>\n",
       "      <td>-225.414352</td>\n",
       "      <td>-1.833907</td>\n",
       "      <td>9.988826</td>\n",
       "      <td>0.002951</td>\n",
       "      <td>87.895631</td>\n",
       "      <td>2</td>\n",
       "    </tr>\n",
       "  </tbody>\n",
       "</table>\n",
       "<p>559800 rows × 6 columns</p>\n",
       "</div>"
      ],
      "text/plain": [
       "             pos.x       pos.y     pos.z   heading   velocity  weather\n",
       "0      -117.380280 -145.332626  0.349650  1.566089   7.056001        3\n",
       "1      -117.378838 -145.333115  0.109912  1.565988   8.648201        3\n",
       "2      -117.375916 -145.334167 -0.058322  1.566237   4.064184        3\n",
       "3      -117.379082 -145.334015 -0.111934  1.565841   0.727079        3\n",
       "4      -117.413315 -145.328979 -0.091736  1.562524   2.442716        3\n",
       "...            ...         ...       ...       ...        ...      ...\n",
       "559795 -225.482391  -11.600016  9.988826 -0.011426  87.899382        2\n",
       "559796 -225.455750   -9.158527  9.988826 -0.008848  87.898408        2\n",
       "559797 -225.434311   -6.717003  9.988826 -0.005570  87.897992        2\n",
       "559798 -225.420166   -4.275458  9.988826 -0.001460  87.896323        2\n",
       "559799 -225.414352   -1.833907  9.988826  0.002951  87.895631        2\n",
       "\n",
       "[559800 rows x 6 columns]"
      ]
     },
     "execution_count": 3,
     "metadata": {},
     "output_type": "execute_result"
    }
   ],
   "source": [
    "data = data.rename(columns={'x':'pos.x', 'y':'pos.y', 'z':'pos.z'})\n",
    "data"
   ]
  },
  {
   "cell_type": "code",
   "execution_count": 4,
   "metadata": {},
   "outputs": [],
   "source": [
    "# Export the dataframe\n",
    "data.to_csv(\"files/dataset_trajectory_07mars24.csv\", index=False)"
   ]
  }
 ],
 "metadata": {
  "kernelspec": {
   "display_name": "Python 3",
   "language": "python",
   "name": "python3"
  },
  "language_info": {
   "codemirror_mode": {
    "name": "ipython",
    "version": 3
   },
   "file_extension": ".py",
   "mimetype": "text/x-python",
   "name": "python",
   "nbconvert_exporter": "python",
   "pygments_lexer": "ipython3",
   "version": "3.10.12"
  }
 },
 "nbformat": 4,
 "nbformat_minor": 2
}
