{
 "cells": [
  {
   "cell_type": "code",
   "execution_count": 1,
   "metadata": {},
   "outputs": [
    {
     "data": {
      "text/html": [
       "<div>\n",
       "<style scoped>\n",
       "    .dataframe tbody tr th:only-of-type {\n",
       "        vertical-align: middle;\n",
       "    }\n",
       "\n",
       "    .dataframe tbody tr th {\n",
       "        vertical-align: top;\n",
       "    }\n",
       "\n",
       "    .dataframe thead th {\n",
       "        text-align: right;\n",
       "    }\n",
       "</style>\n",
       "<table border=\"1\" class=\"dataframe\">\n",
       "  <thead>\n",
       "    <tr style=\"text-align: right;\">\n",
       "      <th></th>\n",
       "      <th>weather</th>\n",
       "      <th>x</th>\n",
       "      <th>y</th>\n",
       "      <th>z</th>\n",
       "      <th>heading</th>\n",
       "      <th>velocity</th>\n",
       "    </tr>\n",
       "  </thead>\n",
       "  <tbody>\n",
       "    <tr>\n",
       "      <th>0</th>\n",
       "      <td>3</td>\n",
       "      <td>-63.925369</td>\n",
       "      <td>88.778671</td>\n",
       "      <td>0.294200</td>\n",
       "      <td>1.572303</td>\n",
       "      <td>7.056001e+00</td>\n",
       "    </tr>\n",
       "    <tr>\n",
       "      <th>1</th>\n",
       "      <td>3</td>\n",
       "      <td>-63.925369</td>\n",
       "      <td>88.778671</td>\n",
       "      <td>0.058675</td>\n",
       "      <td>1.572303</td>\n",
       "      <td>7.448652e+00</td>\n",
       "    </tr>\n",
       "    <tr>\n",
       "      <th>2</th>\n",
       "      <td>3</td>\n",
       "      <td>-63.925369</td>\n",
       "      <td>88.778671</td>\n",
       "      <td>-0.037247</td>\n",
       "      <td>1.572303</td>\n",
       "      <td>1.099025e+00</td>\n",
       "    </tr>\n",
       "    <tr>\n",
       "      <th>3</th>\n",
       "      <td>3</td>\n",
       "      <td>-63.925369</td>\n",
       "      <td>88.778671</td>\n",
       "      <td>-0.031391</td>\n",
       "      <td>1.572303</td>\n",
       "      <td>8.539129e-01</td>\n",
       "    </tr>\n",
       "    <tr>\n",
       "      <th>4</th>\n",
       "      <td>3</td>\n",
       "      <td>-63.925385</td>\n",
       "      <td>88.778671</td>\n",
       "      <td>-0.003456</td>\n",
       "      <td>1.572304</td>\n",
       "      <td>9.860930e-01</td>\n",
       "    </tr>\n",
       "    <tr>\n",
       "      <th>...</th>\n",
       "      <td>...</td>\n",
       "      <td>...</td>\n",
       "      <td>...</td>\n",
       "      <td>...</td>\n",
       "      <td>...</td>\n",
       "      <td>...</td>\n",
       "    </tr>\n",
       "    <tr>\n",
       "      <th>383395</th>\n",
       "      <td>3</td>\n",
       "      <td>31.569370</td>\n",
       "      <td>-109.487709</td>\n",
       "      <td>-0.007772</td>\n",
       "      <td>-0.000663</td>\n",
       "      <td>8.616287e-07</td>\n",
       "    </tr>\n",
       "    <tr>\n",
       "      <th>383396</th>\n",
       "      <td>3</td>\n",
       "      <td>31.569370</td>\n",
       "      <td>-109.487709</td>\n",
       "      <td>-0.007772</td>\n",
       "      <td>-0.000663</td>\n",
       "      <td>1.136181e-06</td>\n",
       "    </tr>\n",
       "    <tr>\n",
       "      <th>383397</th>\n",
       "      <td>3</td>\n",
       "      <td>31.569370</td>\n",
       "      <td>-109.487709</td>\n",
       "      <td>-0.007772</td>\n",
       "      <td>-0.000663</td>\n",
       "      <td>2.412009e-07</td>\n",
       "    </tr>\n",
       "    <tr>\n",
       "      <th>383398</th>\n",
       "      <td>3</td>\n",
       "      <td>31.569370</td>\n",
       "      <td>-109.487709</td>\n",
       "      <td>-0.007772</td>\n",
       "      <td>-0.000663</td>\n",
       "      <td>1.992261e-06</td>\n",
       "    </tr>\n",
       "    <tr>\n",
       "      <th>383399</th>\n",
       "      <td>3</td>\n",
       "      <td>31.569370</td>\n",
       "      <td>-109.487709</td>\n",
       "      <td>-0.007772</td>\n",
       "      <td>-0.000663</td>\n",
       "      <td>8.340697e-07</td>\n",
       "    </tr>\n",
       "  </tbody>\n",
       "</table>\n",
       "<p>383400 rows × 6 columns</p>\n",
       "</div>"
      ],
      "text/plain": [
       "        weather          x           y         z   heading      velocity\n",
       "0             3 -63.925369   88.778671  0.294200  1.572303  7.056001e+00\n",
       "1             3 -63.925369   88.778671  0.058675  1.572303  7.448652e+00\n",
       "2             3 -63.925369   88.778671 -0.037247  1.572303  1.099025e+00\n",
       "3             3 -63.925369   88.778671 -0.031391  1.572303  8.539129e-01\n",
       "4             3 -63.925385   88.778671 -0.003456  1.572304  9.860930e-01\n",
       "...         ...        ...         ...       ...       ...           ...\n",
       "383395        3  31.569370 -109.487709 -0.007772 -0.000663  8.616287e-07\n",
       "383396        3  31.569370 -109.487709 -0.007772 -0.000663  1.136181e-06\n",
       "383397        3  31.569370 -109.487709 -0.007772 -0.000663  2.412009e-07\n",
       "383398        3  31.569370 -109.487709 -0.007772 -0.000663  1.992261e-06\n",
       "383399        3  31.569370 -109.487709 -0.007772 -0.000663  8.340697e-07\n",
       "\n",
       "[383400 rows x 6 columns]"
      ]
     },
     "execution_count": 1,
     "metadata": {},
     "output_type": "execute_result"
    }
   ],
   "source": [
    "import pandas as pd\n",
    "\n",
    "csv_input = pd.read_csv('files/dataset_trajectory_25mars24.csv')\n",
    "data = csv_input\n",
    "data\n"
   ]
  },
  {
   "cell_type": "code",
   "execution_count": 2,
   "metadata": {},
   "outputs": [
    {
     "data": {
      "text/html": [
       "<div>\n",
       "<style scoped>\n",
       "    .dataframe tbody tr th:only-of-type {\n",
       "        vertical-align: middle;\n",
       "    }\n",
       "\n",
       "    .dataframe tbody tr th {\n",
       "        vertical-align: top;\n",
       "    }\n",
       "\n",
       "    .dataframe thead th {\n",
       "        text-align: right;\n",
       "    }\n",
       "</style>\n",
       "<table border=\"1\" class=\"dataframe\">\n",
       "  <thead>\n",
       "    <tr style=\"text-align: right;\">\n",
       "      <th></th>\n",
       "      <th>x</th>\n",
       "      <th>y</th>\n",
       "      <th>z</th>\n",
       "      <th>heading</th>\n",
       "      <th>velocity</th>\n",
       "      <th>weather</th>\n",
       "    </tr>\n",
       "  </thead>\n",
       "  <tbody>\n",
       "    <tr>\n",
       "      <th>0</th>\n",
       "      <td>-63.925369</td>\n",
       "      <td>88.778671</td>\n",
       "      <td>0.294200</td>\n",
       "      <td>1.572303</td>\n",
       "      <td>7.056001e+00</td>\n",
       "      <td>3</td>\n",
       "    </tr>\n",
       "    <tr>\n",
       "      <th>1</th>\n",
       "      <td>-63.925369</td>\n",
       "      <td>88.778671</td>\n",
       "      <td>0.058675</td>\n",
       "      <td>1.572303</td>\n",
       "      <td>7.448652e+00</td>\n",
       "      <td>3</td>\n",
       "    </tr>\n",
       "    <tr>\n",
       "      <th>2</th>\n",
       "      <td>-63.925369</td>\n",
       "      <td>88.778671</td>\n",
       "      <td>-0.037247</td>\n",
       "      <td>1.572303</td>\n",
       "      <td>1.099025e+00</td>\n",
       "      <td>3</td>\n",
       "    </tr>\n",
       "    <tr>\n",
       "      <th>3</th>\n",
       "      <td>-63.925369</td>\n",
       "      <td>88.778671</td>\n",
       "      <td>-0.031391</td>\n",
       "      <td>1.572303</td>\n",
       "      <td>8.539129e-01</td>\n",
       "      <td>3</td>\n",
       "    </tr>\n",
       "    <tr>\n",
       "      <th>4</th>\n",
       "      <td>-63.925385</td>\n",
       "      <td>88.778671</td>\n",
       "      <td>-0.003456</td>\n",
       "      <td>1.572304</td>\n",
       "      <td>9.860930e-01</td>\n",
       "      <td>3</td>\n",
       "    </tr>\n",
       "    <tr>\n",
       "      <th>...</th>\n",
       "      <td>...</td>\n",
       "      <td>...</td>\n",
       "      <td>...</td>\n",
       "      <td>...</td>\n",
       "      <td>...</td>\n",
       "      <td>...</td>\n",
       "    </tr>\n",
       "    <tr>\n",
       "      <th>383395</th>\n",
       "      <td>31.569370</td>\n",
       "      <td>-109.487709</td>\n",
       "      <td>-0.007772</td>\n",
       "      <td>-0.000663</td>\n",
       "      <td>8.616287e-07</td>\n",
       "      <td>3</td>\n",
       "    </tr>\n",
       "    <tr>\n",
       "      <th>383396</th>\n",
       "      <td>31.569370</td>\n",
       "      <td>-109.487709</td>\n",
       "      <td>-0.007772</td>\n",
       "      <td>-0.000663</td>\n",
       "      <td>1.136181e-06</td>\n",
       "      <td>3</td>\n",
       "    </tr>\n",
       "    <tr>\n",
       "      <th>383397</th>\n",
       "      <td>31.569370</td>\n",
       "      <td>-109.487709</td>\n",
       "      <td>-0.007772</td>\n",
       "      <td>-0.000663</td>\n",
       "      <td>2.412009e-07</td>\n",
       "      <td>3</td>\n",
       "    </tr>\n",
       "    <tr>\n",
       "      <th>383398</th>\n",
       "      <td>31.569370</td>\n",
       "      <td>-109.487709</td>\n",
       "      <td>-0.007772</td>\n",
       "      <td>-0.000663</td>\n",
       "      <td>1.992261e-06</td>\n",
       "      <td>3</td>\n",
       "    </tr>\n",
       "    <tr>\n",
       "      <th>383399</th>\n",
       "      <td>31.569370</td>\n",
       "      <td>-109.487709</td>\n",
       "      <td>-0.007772</td>\n",
       "      <td>-0.000663</td>\n",
       "      <td>8.340697e-07</td>\n",
       "      <td>3</td>\n",
       "    </tr>\n",
       "  </tbody>\n",
       "</table>\n",
       "<p>383400 rows × 6 columns</p>\n",
       "</div>"
      ],
      "text/plain": [
       "                x           y         z   heading      velocity  weather\n",
       "0      -63.925369   88.778671  0.294200  1.572303  7.056001e+00        3\n",
       "1      -63.925369   88.778671  0.058675  1.572303  7.448652e+00        3\n",
       "2      -63.925369   88.778671 -0.037247  1.572303  1.099025e+00        3\n",
       "3      -63.925369   88.778671 -0.031391  1.572303  8.539129e-01        3\n",
       "4      -63.925385   88.778671 -0.003456  1.572304  9.860930e-01        3\n",
       "...           ...         ...       ...       ...           ...      ...\n",
       "383395  31.569370 -109.487709 -0.007772 -0.000663  8.616287e-07        3\n",
       "383396  31.569370 -109.487709 -0.007772 -0.000663  1.136181e-06        3\n",
       "383397  31.569370 -109.487709 -0.007772 -0.000663  2.412009e-07        3\n",
       "383398  31.569370 -109.487709 -0.007772 -0.000663  1.992261e-06        3\n",
       "383399  31.569370 -109.487709 -0.007772 -0.000663  8.340697e-07        3\n",
       "\n",
       "[383400 rows x 6 columns]"
      ]
     },
     "execution_count": 2,
     "metadata": {},
     "output_type": "execute_result"
    }
   ],
   "source": [
    "data = csv_input[list(('x', 'y', 'z', 'heading', 'velocity', 'weather'))]\n",
    "data"
   ]
  },
  {
   "cell_type": "code",
   "execution_count": 3,
   "metadata": {},
   "outputs": [
    {
     "data": {
      "text/html": [
       "<div>\n",
       "<style scoped>\n",
       "    .dataframe tbody tr th:only-of-type {\n",
       "        vertical-align: middle;\n",
       "    }\n",
       "\n",
       "    .dataframe tbody tr th {\n",
       "        vertical-align: top;\n",
       "    }\n",
       "\n",
       "    .dataframe thead th {\n",
       "        text-align: right;\n",
       "    }\n",
       "</style>\n",
       "<table border=\"1\" class=\"dataframe\">\n",
       "  <thead>\n",
       "    <tr style=\"text-align: right;\">\n",
       "      <th></th>\n",
       "      <th>pos.x</th>\n",
       "      <th>pos.y</th>\n",
       "      <th>pos.z</th>\n",
       "      <th>heading</th>\n",
       "      <th>velocity</th>\n",
       "      <th>weather</th>\n",
       "    </tr>\n",
       "  </thead>\n",
       "  <tbody>\n",
       "    <tr>\n",
       "      <th>0</th>\n",
       "      <td>-63.925369</td>\n",
       "      <td>88.778671</td>\n",
       "      <td>0.294200</td>\n",
       "      <td>1.572303</td>\n",
       "      <td>7.056001e+00</td>\n",
       "      <td>3</td>\n",
       "    </tr>\n",
       "    <tr>\n",
       "      <th>1</th>\n",
       "      <td>-63.925369</td>\n",
       "      <td>88.778671</td>\n",
       "      <td>0.058675</td>\n",
       "      <td>1.572303</td>\n",
       "      <td>7.448652e+00</td>\n",
       "      <td>3</td>\n",
       "    </tr>\n",
       "    <tr>\n",
       "      <th>2</th>\n",
       "      <td>-63.925369</td>\n",
       "      <td>88.778671</td>\n",
       "      <td>-0.037247</td>\n",
       "      <td>1.572303</td>\n",
       "      <td>1.099025e+00</td>\n",
       "      <td>3</td>\n",
       "    </tr>\n",
       "    <tr>\n",
       "      <th>3</th>\n",
       "      <td>-63.925369</td>\n",
       "      <td>88.778671</td>\n",
       "      <td>-0.031391</td>\n",
       "      <td>1.572303</td>\n",
       "      <td>8.539129e-01</td>\n",
       "      <td>3</td>\n",
       "    </tr>\n",
       "    <tr>\n",
       "      <th>4</th>\n",
       "      <td>-63.925385</td>\n",
       "      <td>88.778671</td>\n",
       "      <td>-0.003456</td>\n",
       "      <td>1.572304</td>\n",
       "      <td>9.860930e-01</td>\n",
       "      <td>3</td>\n",
       "    </tr>\n",
       "    <tr>\n",
       "      <th>...</th>\n",
       "      <td>...</td>\n",
       "      <td>...</td>\n",
       "      <td>...</td>\n",
       "      <td>...</td>\n",
       "      <td>...</td>\n",
       "      <td>...</td>\n",
       "    </tr>\n",
       "    <tr>\n",
       "      <th>383395</th>\n",
       "      <td>31.569370</td>\n",
       "      <td>-109.487709</td>\n",
       "      <td>-0.007772</td>\n",
       "      <td>-0.000663</td>\n",
       "      <td>8.616287e-07</td>\n",
       "      <td>3</td>\n",
       "    </tr>\n",
       "    <tr>\n",
       "      <th>383396</th>\n",
       "      <td>31.569370</td>\n",
       "      <td>-109.487709</td>\n",
       "      <td>-0.007772</td>\n",
       "      <td>-0.000663</td>\n",
       "      <td>1.136181e-06</td>\n",
       "      <td>3</td>\n",
       "    </tr>\n",
       "    <tr>\n",
       "      <th>383397</th>\n",
       "      <td>31.569370</td>\n",
       "      <td>-109.487709</td>\n",
       "      <td>-0.007772</td>\n",
       "      <td>-0.000663</td>\n",
       "      <td>2.412009e-07</td>\n",
       "      <td>3</td>\n",
       "    </tr>\n",
       "    <tr>\n",
       "      <th>383398</th>\n",
       "      <td>31.569370</td>\n",
       "      <td>-109.487709</td>\n",
       "      <td>-0.007772</td>\n",
       "      <td>-0.000663</td>\n",
       "      <td>1.992261e-06</td>\n",
       "      <td>3</td>\n",
       "    </tr>\n",
       "    <tr>\n",
       "      <th>383399</th>\n",
       "      <td>31.569370</td>\n",
       "      <td>-109.487709</td>\n",
       "      <td>-0.007772</td>\n",
       "      <td>-0.000663</td>\n",
       "      <td>8.340697e-07</td>\n",
       "      <td>3</td>\n",
       "    </tr>\n",
       "  </tbody>\n",
       "</table>\n",
       "<p>383400 rows × 6 columns</p>\n",
       "</div>"
      ],
      "text/plain": [
       "            pos.x       pos.y     pos.z   heading      velocity  weather\n",
       "0      -63.925369   88.778671  0.294200  1.572303  7.056001e+00        3\n",
       "1      -63.925369   88.778671  0.058675  1.572303  7.448652e+00        3\n",
       "2      -63.925369   88.778671 -0.037247  1.572303  1.099025e+00        3\n",
       "3      -63.925369   88.778671 -0.031391  1.572303  8.539129e-01        3\n",
       "4      -63.925385   88.778671 -0.003456  1.572304  9.860930e-01        3\n",
       "...           ...         ...       ...       ...           ...      ...\n",
       "383395  31.569370 -109.487709 -0.007772 -0.000663  8.616287e-07        3\n",
       "383396  31.569370 -109.487709 -0.007772 -0.000663  1.136181e-06        3\n",
       "383397  31.569370 -109.487709 -0.007772 -0.000663  2.412009e-07        3\n",
       "383398  31.569370 -109.487709 -0.007772 -0.000663  1.992261e-06        3\n",
       "383399  31.569370 -109.487709 -0.007772 -0.000663  8.340697e-07        3\n",
       "\n",
       "[383400 rows x 6 columns]"
      ]
     },
     "execution_count": 3,
     "metadata": {},
     "output_type": "execute_result"
    }
   ],
   "source": [
    "data = data.rename(columns={'x':'pos.x', 'y':'pos.y', 'z':'pos.z'})\n",
    "data"
   ]
  },
  {
   "cell_type": "code",
   "execution_count": 4,
   "metadata": {},
   "outputs": [],
   "source": [
    "# Export the dataframe\n",
    "data.to_csv(\"files/data_trajectory_09mars24.csv\", index=False)"
   ]
  }
 ],
 "metadata": {
  "kernelspec": {
   "display_name": "Python 3",
   "language": "python",
   "name": "python3"
  },
  "language_info": {
   "codemirror_mode": {
    "name": "ipython",
    "version": 3
   },
   "file_extension": ".py",
   "mimetype": "text/x-python",
   "name": "python",
   "nbconvert_exporter": "python",
   "pygments_lexer": "ipython3",
   "version": "3.10.12"
  }
 },
 "nbformat": 4,
 "nbformat_minor": 2
}
